1,1,210.27,249.67,94.59,44.140000000000015,1,1,1.0
1,2,120.73,333.17,137.07,61.26999999999998,1,1,1.0
1,3,733.5,265.51,70.79999999999995,40.69,1,1,1.0
2,1,210.27,249.67,94.59,44.140000000000015,1,1,1.0
2,2,102.4,337.13,137.07,61.28000000000003,1,1,1.0
2,3,722.6,267.99,70.79999999999995,40.69,1,1,1.0
3,1,210.27,249.67,94.59,44.140000000000015,1,1,1.0
3,2,75.65,340.1,140.04999999999998,61.27999999999997,1,1,1.0
3,3,706.7,269.97,73.81999999999994,41.629999999999995,1,1,1.0
4,1,210.27,249.67,94.59,44.140000000000015,1,1,1.0
4,2,50.88,344.07,142.02,63.23000000000002,1,1,1.0
4,3,693.32,271.95,73.81999999999994,41.629999999999995,1,1,1.0
5,1,210.27,249.67,94.59,44.140000000000015,1,1,1.0
5,2,25.11,345.55,142.02999999999997,63.24000000000001,1,1,1.0
5,3,680.94,272.45,73.81999999999994,41.629999999999995,1,1,1.0
6,1,210.27,249.67,94.59,44.140000000000015,1,1,1.0
6,2,3.22,352.19,142.03,63.23000000000002,1,1,1.0
6,3,668.34,276.42,73.80999999999995,41.639999999999986,1,1,1.0
7,1,210.27,249.67,94.59,44.140000000000015,1,1,1.0
7,2,0.0,358.16,124.69,63.22999999999996,1,1,1.0
7,3,651.09,277.75,75.80999999999995,41.629999999999995,1,1,1.0
8,1,210.27,249.67,94.59,44.140000000000015,1,1,1.0
8,2,0.0,359.48,99.48,67.91999999999996,1,1,1.0
8,3,637.83,279.74,75.79999999999995,41.629999999999995,1,1,1.0
9,1,210.27,249.67,94.59,44.140000000000015,1,1,1.0
9,2,0.0,360.15,78.92,67.91000000000003,1,1,1.0
9,3,621.9,282.39,81.12,41.639999999999986,1,1,1.0
10,1,210.27,249.67,94.59,44.140000000000015,1,1,1.0
10,2,0.0,364.13,51.73,67.91000000000003,1,1,1.0
10,3,606.64,283.72,81.13,41.629999999999995,1,1,1.0
11,1,210.27,249.67,94.59,44.140000000000015,1,1,1.0
11,2,0.0,368.11,29.18,67.91999999999996,1,1,1.0
11,3,589.4,287.04,84.39999999999998,43.65999999999997,1,1,1.0
12,1,210.27,249.67,94.59,44.140000000000015,1,1,1.0
12,3,576.8,288.36,84.40000000000009,43.66999999999996,1,1,1.0
13,1,210.27,249.67,94.59,44.140000000000015,1,1,1.0
13,3,562.21,290.35,84.38999999999999,43.66999999999996,1,1,1.0
14,1,210.27,249.67,94.59,44.140000000000015,1,1,1.0
14,3,544.3,291.7,89.0,47.620000000000005,1,1,1.0
15,1,210.27,249.67,94.59,44.140000000000015,1,1,1.0
15,3,529.04,294.35,89.0,47.620000000000005,1,1,1.0
16,1,210.27,249.67,94.59,44.140000000000015,1,1,1.0
16,3,513.12,296.34,89.00999999999999,47.620000000000005,1,1,1.0
17,1,210.27,249.67,94.59,44.140000000000015,1,1,1.0
17,3,492.56,299.66,94.94,48.23999999999995,1,1,1.0
18,1,210.27,249.67,94.59,44.140000000000015,1,1,1.0
18,3,474.65,300.98,94.94000000000005,48.25,1,1,1.0
19,1,210.27,249.67,94.59,44.140000000000015,1,1,1.0
19,3,458.73,303.64,94.93999999999994,48.24000000000001,1,1,1.0
20,1,210.27,249.67,94.59,44.140000000000015,1,1,1.0
20,3,442.15,306.95,94.94000000000005,48.25,1,1,1.0
21,1,210.27,249.67,94.59,44.140000000000015,1,1,1.0
21,3,424.91,308.28,94.94,48.24000000000001,1,1,1.0
22,1,210.27,249.67,94.59,44.140000000000015,1,1,1.0
22,3,405.67,311.6,102.22999999999996,50.889999999999986,1,1,1.0
23,1,210.27,249.67,94.59,44.140000000000015,1,1,1.0
23,3,387.77,315.58,102.22000000000003,50.89000000000004,1,1,1.0
24,1,210.27,249.67,94.59,44.140000000000015,1,1,1.0
24,3,369.86,318.2,104.83999999999997,52.910000000000025,1,1,1.0
25,1,210.27,249.67,94.59,44.140000000000015,1,1,1.0
25,3,351.95,324.17,104.84000000000003,52.91999999999996,1,1,1.0
26,1,210.27,249.67,94.59,44.140000000000015,1,1,1.0
26,3,329.4,324.8,108.80000000000001,54.94,1,1,1.0
27,1,210.27,249.67,94.59,44.140000000000015,1,1,1.0
27,3,307.51,326.1,116.09000000000003,60.26999999999998,1,1,1.0
28,1,210.27,249.67,94.59,44.140000000000015,1,1,1.0
28,3,286.29,330.08,116.08999999999997,60.27000000000004,1,1,1.0
29,1,210.27,249.67,94.59,44.140000000000015,1,1,1.0
29,3,267.05,333.4,116.08999999999997,60.26000000000005,1,1,1.0
30,1,210.27,249.67,94.59,44.140000000000015,1,1,1.0
30,3,246.49,338.7,119.40999999999997,61.60000000000002,1,1,1.0
31,1,210.27,249.67,94.59,44.140000000000015,1,1,1.0
31,3,221.95,338.7,124.75,62.900000000000034,1,1,1.0
32,1,210.27,249.67,94.59,44.140000000000015,1,1,1.0
32,3,201.39,344.01,124.75,62.900000000000034,1,1,1.0
33,1,210.27,249.67,94.59,44.140000000000015,1,1,1.0
33,3,174.86,348.65,124.75,62.900000000000034,1,1,1.0
34,1,210.27,249.67,94.59,44.140000000000015,1,1,1.0
34,3,152.31,351.3,135.39,65.59999999999997,1,1,1.0
35,1,210.27,249.67,94.59,44.140000000000015,1,1,1.0
35,3,129.09,357.94,135.4,65.58999999999997,1,1,1.0
36,1,210.27,249.67,94.59,44.140000000000015,1,1,1.0
36,3,104.55,364.57,142.05,65.60000000000002,1,1,1.0
37,1,210.27,249.67,94.59,44.140000000000015,1,1,1.0
37,3,74.04,368.5,148.06,66.97000000000003,1,1,1.0
38,1,210.27,249.67,94.59,44.140000000000015,1,1,1.0
38,3,48.17,367.8,153.32999999999998,72.97999999999996,1,1,1.0
39,1,210.27,249.67,94.59,44.140000000000015,1,1,1.0
39,3,20.32,374.43,153.32,72.98000000000002,1,1,1.0
40,1,210.27,249.67,94.59,44.140000000000015,1,1,1.0
40,3,0.0,378.41,149.76,72.97999999999996,1,1,1.0
41,1,210.27,249.67,94.59,44.140000000000015,1,1,1.0
41,3,0.0,378.41,128.98,84.88999999999999,1,1,1.0
42,1,210.27,249.67,94.59,44.140000000000015,1,1,1.0
42,3,0.0,377.9,102.11,84.89000000000004,1,1,1.0
43,1,210.27,249.67,94.59,44.140000000000015,1,1,1.0
43,3,0.0,381.96,79.81,84.89000000000004,1,1,1.0
44,1,210.27,249.67,94.59,44.140000000000015,1,1,1.0
44,3,0.0,388.55,52.94,84.88999999999999,1,1,1.0
45,1,210.27,249.67,94.59,44.140000000000015,1,1,1.0
45,3,0.0,396.69,23.08,84.88999999999999,1,1,1.0
46,1,210.27,249.67,94.59,44.140000000000015,1,1,1.0
47,1,210.27,249.67,94.59,44.140000000000015,1,1,1.0
48,1,210.27,249.67,94.59,44.140000000000015,1,1,1.0
49,1,210.27,249.67,94.59,44.140000000000015,1,1,1.0
50,1,210.27,249.67,94.59,44.140000000000015,1,1,1.0
51,1,210.27,249.67,94.59,44.140000000000015,1,1,1.0
52,1,210.27,249.67,94.59,44.140000000000015,1,1,1.0
52,4,946.59,225.56,13.409999999999968,60.39999999999998,1,1,1.0
53,1,210.27,249.67,94.59,44.140000000000015,1,1,1.0
53,4,941.84,225.56,18.159999999999968,62.76999999999998,1,1,1.0
54,1,210.27,249.67,94.59,44.140000000000015,1,1,1.0
54,4,937.1,225.56,22.899999999999977,65.13999999999999,1,1,1.0
55,1,210.27,249.67,94.59,44.140000000000015,1,1,1.0
55,4,932.3,225.56,27.700000000000045,65.13999999999999,1,1,1.0
56,1,210.27,249.67,94.59,44.140000000000015,1,1,1.0
56,4,928.55,225.56,31.450000000000045,65.83999999999997,1,1,1.0
57,1,210.27,249.67,94.59,44.140000000000015,1,1,1.0
57,4,924.8,225.56,35.200000000000045,66.54000000000002,1,1,1.0
58,1,210.27,249.67,94.59,44.140000000000015,1,1,1.0
58,4,919.35,225.56,40.64999999999998,69.24000000000001,1,1,1.0
59,1,210.27,249.67,94.59,44.140000000000015,1,1,1.0
59,4,913.9,225.56,46.10000000000002,71.94,1,1,1.0
60,1,210.27,249.67,94.59,44.140000000000015,1,1,1.0
60,4,908.15,225.56,51.85000000000002,72.29000000000002,1,1,1.0
61,1,210.27,249.67,94.59,44.140000000000015,1,1,1.0
61,4,902.4,225.56,57.60000000000002,72.63999999999999,1,1,1.0
62,1,210.27,249.67,94.59,44.140000000000015,1,1,1.0
62,4,898.35,225.56,61.64999999999998,72.29000000000002,1,1,1.0
63,1,210.27,249.67,94.59,44.140000000000015,1,1,1.0
63,4,894.3,225.56,65.70000000000005,71.94,1,1,1.0
64,1,210.27,249.67,94.59,44.140000000000015,1,1,1.0
64,4,888.2,225.56,71.79999999999995,73.94,1,1,1.0
65,1,210.27,249.67,94.59,44.140000000000015,1,1,1.0
65,4,880.7,225.56,79.29999999999995,78.63999999999999,1,1,1.0
66,1,210.27,249.67,94.59,44.140000000000015,1,1,1.0
66,4,879.3,225.56,80.70000000000005,79.33999999999997,1,1,1.0
67,1,210.27,249.67,94.59,44.140000000000015,1,1,1.0
67,4,869.1,225.56,90.89999999999998,83.44,1,1,1.0
68,1,210.27,249.67,94.59,44.140000000000015,1,1,1.0
68,4,861.6,225.56,98.39999999999998,86.13999999999999,1,1,1.0
69,1,210.27,249.67,94.59,44.140000000000015,1,1,1.0
69,4,857.5,225.56,102.5,88.83999999999997,1,1,1.0
70,1,210.27,249.67,94.59,44.140000000000015,1,1,1.0
70,4,849.4,225.56,110.60000000000002,90.24000000000001,1,1,1.0
71,1,210.27,249.67,94.59,44.140000000000015,1,1,1.0
71,4,845.3,229.0,114.70000000000005,86.80000000000001,1,1,1.0
72,1,210.27,249.67,94.59,44.140000000000015,1,1,1.0
72,4,833.8,229.0,126.20000000000005,86.80000000000001,1,1,1.0
73,1,210.27,249.67,94.59,44.140000000000015,1,1,1.0
73,4,823.6,229.0,136.39999999999998,86.80000000000001,1,1,1.0
74,1,210.27,249.67,94.59,44.140000000000015,1,1,1.0
74,4,816.1,229.0,143.89999999999998,86.80000000000001,1,1,1.0
75,1,210.27,249.67,94.59,44.140000000000015,1,1,1.0
75,4,809.31,231.71,150.69000000000005,87.48999999999998,1,1,1.0
76,1,210.27,249.67,94.59,44.140000000000015,1,1,1.0
76,4,800.5,231.71,159.5,92.89000000000001,1,1,1.0
77,1,210.27,249.67,94.59,44.140000000000015,1,1,1.0
77,4,793.0,231.71,167.0,97.68999999999997,1,1,1.0
78,1,210.27,249.67,94.59,44.140000000000015,1,1,1.0
78,4,784.2,231.71,175.79999999999995,99.09,1,1,1.0
79,1,210.27,249.67,94.59,44.140000000000015,1,1,1.0
79,4,784.2,231.71,171.0,94.98999999999998,1,1,1.0
80,1,210.27,249.67,94.59,44.140000000000015,1,1,1.0
80,4,778.77,232.39,171.0,94.99000000000001,1,1,1.0
81,1,210.27,249.67,94.59,44.140000000000015,1,1,1.0
81,4,768.6,233.75,175.05999999999995,97.85000000000002,1,1,1.0
81,5,748.63,257.15,27.480000000000018,34.410000000000025,1,1,1.0
81,6,937.66,237.81,16.50999999999999,37.610000000000014,1,1,1.0
82,1,210.27,249.67,94.59,44.140000000000015,1,1,1.0
82,4,759.4,237.2,176.21000000000004,99.0,1,1,1.0
82,5,739.42,257.73,30.940000000000055,34.39999999999998,1,1,1.0
82,6,933.05,237.23,16.50999999999999,37.609999999999985,1,1,1.0
83,1,210.27,249.67,94.59,44.140000000000015,1,1,1.0
83,4,750.2,237.2,185.40999999999997,101.30000000000001,1,1,1.0
83,5,730.21,258.3,34.389999999999986,34.39999999999998,1,1,1.0
83,6,920.39,241.26,16.50999999999999,37.610000000000014,1,1,1.0
84,1,210.27,249.67,94.59,44.140000000000015,1,1,1.0
84,4,743.3,237.2,180.80000000000007,100.69999999999999,1,1,1.0
84,5,719.85,258.3,34.389999999999986,34.39999999999998,1,1,1.0
84,6,916.94,243.57,16.50999999999999,37.610000000000014,1,1,1.0
85,1,210.27,249.67,94.59,44.140000000000015,1,1,1.0
85,4,732.36,239.5,184.84000000000003,101.27999999999997,1,1,1.0
85,5,709.49,257.15,34.389999999999986,34.400000000000034,1,1,1.0
85,6,912.33,242.42,16.50999999999999,37.609999999999985,1,1,1.0
86,1,210.27,249.67,94.59,44.140000000000015,1,1,1.0
86,4,723.73,236.0,189.97000000000003,105.35000000000002,1,1,1.0
86,5,699.13,260.61,34.389999999999986,34.389999999999986,1,1,1.0
86,6,887.6,240.1,40.67999999999995,39.37000000000003,1,1,0.0
87,1,210.27,249.67,94.59,44.140000000000015,1,1,1.0
87,4,713.37,237.7,194.02999999999997,108.25999999999999,1,1,1.0
87,5,685.9,260.61,47.620000000000005,34.389999999999986,1,1,1.0
87,6,877.81,240.1,40.680000000000064,39.37000000000003,1,1,0.0
88,1,210.27,249.67,94.59,44.140000000000015,1,1,1.0
88,4,704.73,238.9,195.76999999999998,108.78,1,1,1.0
88,5,674.4,260.61,59.120000000000005,34.389999999999986,1,1,1.0
88,6,870.33,237.8,40.67999999999995,39.370000000000005,1,1,0.0
89,1,210.27,249.67,94.59,44.140000000000015,1,1,1.0
89,4,694.95,241.2,195.76,108.79000000000002,1,1,1.0
89,5,661.16,262.33,59.120000000000005,34.400000000000034,1,1,1.0
89,6,863.42,240.68,40.680000000000064,39.370000000000005,1,1,0.0
90,1,210.27,249.67,94.59,44.140000000000015,1,1,1.0
90,4,688.04,243.51,195.76999999999998,108.78000000000003,1,1,1.0
90,5,650.8,263.48,59.120000000000005,34.39999999999998,1,1,1.0
90,6,857.67,240.1,40.680000000000064,39.37000000000003,1,1,0.0
91,1,210.27,249.67,94.59,44.140000000000015,1,1,1.0
91,4,677.1,247.54,202.10000000000002,108.78,1,1,1.0
91,5,638.13,263.48,59.120000000000005,34.39999999999998,1,1,1.0
91,6,849.61,241.25,40.67999999999995,39.379999999999995,1,1,0.0
92,1,210.27,249.67,94.59,44.140000000000015,1,1,1.0
92,4,666.74,246.38,205.55999999999995,108.79000000000002,1,1,1.0
92,5,627.2,264.06,59.120000000000005,34.389999999999986,1,1,1.0
92,6,842.12,242.12,40.68999999999994,39.370000000000005,1,1,0.0
93,1,210.27,249.67,94.59,44.140000000000015,1,1,1.0
93,4,654.65,247.54,207.25,108.78,1,1,1.0
93,5,617.99,264.63,59.110000000000014,34.39999999999998,1,1,1.0
93,6,834.64,242.98,40.680000000000064,39.37000000000003,1,1,0.0
94,1,210.27,249.67,94.59,44.140000000000015,1,1,1.0
94,4,646.02,250.41,208.38,108.78999999999999,1,1,1.0
94,5,604.2,265.21,61.389999999999986,34.39000000000004,1,1,1.0
94,6,826.01,244.71,40.680000000000064,39.369999999999976,1,1,0.0
95,1,210.27,249.67,94.59,44.140000000000015,1,1,1.0
95,4,634.5,248.69,215.87,116.81,1,1,1.0
95,5,590.96,266.36,74.13999999999999,35.44,1,1,1.0
95,6,826.01,244.71,35.389999999999986,39.369999999999976,1,1,0.0
96,1,210.27,249.67,94.59,44.140000000000015,1,1,1.0
96,4,622.99,249.84,217.01,116.80999999999997,1,1,1.0
96,5,577.18,267.95,74.13,35.44,1,1,1.0
96,6,815.4,244.71,35.389999999999986,39.369999999999976,1,1,0.0
97,1,210.27,249.67,94.59,44.140000000000015,1,1,1.0
97,4,609.18,252.72,223.32000000000005,116.80999999999997,1,1,1.0
97,5,564.98,269.01,82.12,35.44,1,1,1.0
97,6,807.98,245.77,35.389999999999986,39.369999999999976,1,1,0.0
98,1,210.27,249.67,94.59,44.140000000000015,1,1,1.0
98,4,594.79,256.75,231.41000000000008,116.81,1,1,1.0
98,5,550.66,269.01,82.12,35.44,1,1,1.0
98,6,796.85,244.71,35.389999999999986,39.369999999999976,1,1,0.0
99,1,210.27,249.67,94.59,44.140000000000015,1,1,1.0
99,4,589.61,256.75,231.40999999999997,116.81,1,1,1.0
99,5,543.77,269.01,82.12,35.44,1,1,1.0
99,6,777.22,244.71,46.25,39.369999999999976,1,1,0.0
100,1,210.27,249.67,94.59,44.140000000000015,1,1,1.0
100,4,576.94,259.05,231.41999999999996,116.81,1,1,1.0
100,5,528.4,269.01,97.49000000000001,35.44,1,1,0.0
100,6,757.6,244.71,57.10000000000002,39.369999999999976,1,1,0.0
101,1,210.27,249.67,94.59,44.140000000000015,1,1,1.0
101,4,558.52,257.32,241.18000000000006,124.28000000000003,1,1,1.0
101,5,514.62,269.54,97.49000000000001,35.44,1,1,0.0
101,6,747.0,247.89,57.10000000000002,39.370000000000005,1,1,0.0
102,1,210.27,249.67,94.59,44.140000000000015,1,1,1.0
102,4,553.92,258.47,241.17000000000007,124.27999999999997,1,1,1.0
102,5,501.89,269.54,97.49000000000001,35.44,1,1,0.0
102,6,736.39,247.89,57.10000000000002,39.370000000000005,1,1,0.0
103,1,210.27,249.67,94.59,44.140000000000015,1,1,1.0
103,4,527.5,250.4,260.1,143.9,1,1,1.0
103,5,485.98,271.13,97.5,35.44,1,1,0.0
103,6,730.03,248.42,57.10000000000002,39.37000000000003,1,1,0.0
104,1,210.27,249.67,94.59,44.140000000000015,1,1,1.0
104,4,517.14,252.7,260.1,143.90000000000003,1,1,1.0
104,5,472.73,271.13,97.49000000000001,35.44,1,1,0.0
104,6,716.77,248.95,57.10000000000002,39.379999999999995,1,1,0.0
104,7,949.97,236.25,10.029999999999973,29.930000000000007,1,1,1.0
105,1,210.27,249.67,94.59,44.140000000000015,1,1,1.0
105,4,507.93,249.25,260.09999999999997,143.89999999999998,1,1,1.0
105,5,457.35,272.72,97.49000000000001,35.44,1,1,1.0
105,6,702.99,250.53,61.10000000000002,39.119999999999976,1,1,0.0
105,7,946.48,226.23,13.519999999999982,42.390000000000015,1,1,1.0
106,1,210.27,249.67,94.59,44.140000000000015,1,1,1.0
106,4,492.55,263.04,260.09999999999997,143.89,1,1,1.0
106,5,439.85,272.72,97.49000000000001,35.44,1,1,1.0
106,6,689.2,252.1,65.09999999999991,38.880000000000024,1,1,0.0
106,7,942.99,216.22,17.00999999999999,54.84,1,1,1.0
107,1,210.27,249.67,94.59,44.140000000000015,1,1,1.0
107,4,474.53,266.75,277.07000000000005,143.89999999999998,1,1,1.0
107,5,429.25,274.31,97.49000000000001,35.44,1,1,1.0
107,6,673.3,252.1,70.90000000000009,38.880000000000024,1,1,0.0
107,7,939.5,206.2,20.5,67.30000000000001,1,1,1.0
108,1,210.27,249.67,94.59,44.140000000000015,1,1,1.0
108,4,460.21,273.64,277.07,143.90000000000003,1,1,1.0
108,5,418.64,274.31,97.5,35.44,1,1,1.0
108,6,661.11,251.57,73.99000000000001,38.879999999999995,1,1,0.0
108,7,934.0,206.2,26.0,67.30000000000001,1,1,1.0
109,1,210.27,249.67,94.59,44.140000000000015,1,1,1.0
109,4,445.3,275.06,288.40000000000003,143.89999999999998,1,1,1.0
109,5,403.14,273.87,97.23000000000002,35.44,1,1,1.0
109,6,640.0,251.0,78.87,38.879999999999995,1,1,0.0
109,7,930.32,208.95,29.67999999999995,64.55000000000001,1,1,1.0
110,1,210.27,249.67,94.59,44.140000000000015,1,1,1.0
110,4,428.98,267.2,290.52,148.92000000000002,1,1,1.0
110,5,387.71,274.76,96.98000000000002,35.44,1,1,1.0
110,6,625.76,250.44,86.63999999999999,38.870000000000005,1,1,0.0
110,7,926.64,211.7,33.360000000000014,61.80000000000001,1,1,1.0
111,1,210.27,249.67,94.59,44.140000000000015,1,1,1.0
111,4,409.1,270.7,300.4,153.94,1,1,1.0
111,5,373.88,276.19,104.51999999999998,35.44,1,1,1.0
111,6,608.4,254.2,93.10000000000002,34.54000000000002,1,1,1.0
111,7,921.7,211.7,38.299999999999955,63.60000000000002,1,1,1.0
112,1,210.27,249.67,94.59,44.140000000000015,1,1,1.0
112,4,396.33,272.12,300.39000000000004,153.94,1,1,1.0
112,5,356.67,278.11,108.02999999999997,35.44,1,1,1.0
112,6,595.71,255.1,94.28999999999996,33.07000000000002,1,1,1.0
112,7,916.8,211.7,43.200000000000045,59.30000000000001,1,1,1.0
113,1,210.27,249.67,94.59,44.140000000000015,1,1,1.0
113,4,379.29,279.2,310.31,158.21000000000004,1,1,1.0
113,5,345.66,276.21,109.13999999999999,35.44,1,1,1.0
113,6,583.03,254.9,92.97000000000003,32.71000000000001,1,1,1.0
113,7,912.5,211.7,47.5,58.69999999999999,1,1,1.0
114,1,210.27,249.67,94.59,44.140000000000015,1,1,1.0
114,4,356.58,280.6,323.12000000000006,163.2,1,1,1.0
114,5,329.93,277.08,107.95999999999998,35.44,1,1,1.0
114,6,570.76,256.13,92.97000000000003,32.70999999999998,1,1,1.0
114,7,908.2,211.7,51.799999999999955,59.30000000000001,1,1,1.0
115,1,210.27,249.67,94.59,44.140000000000015,1,1,1.0
115,4,338.12,282.0,332.38,163.93,1,1,1.0
115,5,314.97,280.53,106.76999999999998,35.440000000000055,1,1,1.0
115,6,557.26,256.74,92.97000000000003,32.70999999999998,1,1,1.0
115,7,903.3,211.7,56.700000000000045,59.30000000000001,1,1,1.0
116,1,210.27,249.67,94.59,44.140000000000015,1,1,1.0
116,4,314.7,278.5,343.00000000000006,173.10000000000002,1,1,1.0
116,5,300.25,282.73,109.85000000000002,35.44,1,1,1.0
116,6,546.22,257.97,92.97000000000003,32.70999999999998,1,1,1.0
116,7,899.0,211.7,61.0,58.69999999999999,1,1,1.0
117,1,210.27,249.67,94.59,44.140000000000015,1,1,1.0
117,4,297.7,281.3,346.50000000000006,172.39999999999998,1,1,1.0
117,5,285.33,283.71,108.28000000000003,35.44,1,1,1.0
117,6,530.88,258.58,92.97000000000003,32.710000000000036,1,1,1.0
117,7,892.9,211.7,67.10000000000002,58.69999999999999,1,1,1.0
118,1,210.27,249.67,94.59,44.140000000000015,1,1,1.0
118,4,278.5,274.2,355.79999999999995,183.8,1,1,1.0
118,5,270.62,284.19,106.70999999999998,35.44,1,1,1.0
118,6,506.95,262.26,105.84999999999997,32.710000000000036,1,1,1.0
118,7,886.8,211.7,73.20000000000005,63.0,1,1,1.0
119,1,210.27,249.67,94.59,44.140000000000015,1,1,1.0
119,4,258.6,281.3,362.19999999999993,181.0,1,1,1.0
119,5,255.92,285.53,105.13000000000002,38.26000000000005,1,1,1.0
119,6,494.07,262.26,105.84999999999997,32.710000000000036,1,1,1.0
119,7,884.3,211.7,75.70000000000005,63.60000000000002,1,1,1.0
120,1,210.27,249.67,94.59,44.140000000000015,1,1,1.0
120,4,238.7,286.3,372.2,185.89999999999998,1,1,1.0
120,5,233.4,288.21,115.6,37.900000000000034,1,1,1.0
120,6,481.19,264.71,105.83999999999997,32.710000000000036,1,1,1.0
120,7,879.39,214.15,75.70000000000005,63.609999999999985,1,1,1.0
121,1,210.27,249.67,94.59,44.140000000000015,1,1,1.0
121,4,213.1,291.3,382.19999999999993,187.3,1,1,1.0
121,5,222.25,287.54,112.30000000000001,37.549999999999955,1,1,1.0
121,6,467.08,265.94,105.83999999999997,32.70999999999998,1,1,1.0
121,7,874.48,214.15,75.69999999999993,63.609999999999985,1,1,1.0
122,1,210.27,249.67,94.59,44.140000000000015,1,1,1.0
122,4,194.6,291.3,390.1,191.59999999999997,1,1,1.0
122,5,206.12,289.36,109.01999999999998,37.19999999999999,1,1,1.0
122,6,452.97,265.94,105.85000000000002,32.70999999999998,1,1,1.0
122,7,869.58,215.38,75.69999999999993,63.60000000000002,1,1,1.0
123,1,210.27,249.67,94.59,44.140000000000015,1,1,1.0
123,4,173.3,297.0,395.8,188.0,1,1,1.0
123,5,191.13,290.61,105.73000000000002,36.849999999999966,1,1,1.0
123,6,438.86,266.56,105.85000000000002,32.69999999999999,1,1,1.0
123,7,865.9,215.38,75.70000000000005,63.60000000000002,1,1,1.0
124,1,210.27,249.67,94.59,44.140000000000015,1,1,1.0
124,4,147.7,297.0,409.3,197.2,1,1,1.0
124,5,170.82,293.28,113.78000000000003,36.49000000000001,1,1,1.0
124,6,421.68,267.78,105.84999999999997,38.82000000000005,1,1,1.0
124,7,858.54,215.99,75.69000000000005,63.599999999999966,1,1,1.0
125,1,210.27,249.67,94.59,44.140000000000015,1,1,1.0
125,4,118.6,295.6,425.6,201.39999999999998,1,1,1.0
125,5,152.17,289.0,120.22999999999999,42.85000000000002,1,1,1.0
125,6,407.57,269.01,111.32999999999998,38.81999999999999,1,1,1.0
125,7,853.63,217.22,75.70000000000005,63.599999999999994,1,1,1.0
126,1,210.27,249.67,94.59,44.140000000000015,1,1,1.0
126,4,91.6,295.6,437.0,220.60000000000002,1,1,1.0
126,5,133.73,291.52,122.97,39.14000000000004,1,1,1.0
126,6,392.85,266.56,111.32999999999998,47.44,1,1,1.0
126,7,843.8,217.83,80.62,64.16999999999999,1,1,1.0
127,1,210.27,249.67,94.59,44.140000000000015,1,1,1.0
127,4,56.1,306.3,461.79999999999995,215.59999999999997,1,1,1.0
127,5,112.22,292.2,125.08000000000001,41.56999999999999,1,1,1.0
127,6,380.58,266.56,111.33000000000004,47.44,1,1,1.0
127,7,839.51,217.83,80.62,64.16999999999999,1,1,1.0
128,1,210.27,249.67,94.59,44.140000000000015,1,1,1.0
128,4,32.7,306.3,470.3,215.59999999999997,1,1,1.0
128,5,96.27,295.88,125.08,41.56999999999999,1,1,1.0
128,6,367.7,268.4,111.32999999999998,47.44,1,1,1.0
128,7,835.83,218.45,80.62,64.16000000000003,1,1,1.0
129,1,210.27,249.67,94.59,44.140000000000015,1,1,1.0
129,4,14.95,316.24,470.3,215.60000000000002,1,1,1.0
129,5,79.1,296.49,125.07,41.56999999999999,1,1,1.0
129,6,349.91,269.01,111.32999999999998,47.44,1,1,1.0
129,7,828.46,219.67,80.62,64.16999999999999,1,1,1.0
130,1,210.27,249.67,94.59,44.140000000000015,1,1,1.0
130,4,0.0,316.24,468.93,215.60000000000002,1,1,1.0
130,5,61.31,297.11,125.07,41.56999999999999,1,1,1.0
130,6,332.1,269.62,116.87,51.77999999999997,1,1,1.0
130,7,822.95,222.13,80.6099999999999,64.16000000000003,1,1,1.0
131,1,210.27,249.67,94.59,44.140000000000015,1,1,1.0
131,4,0.0,319.79,452.6,215.59999999999997,1,1,1.0
131,5,43.52,299.56,125.07,45.24000000000001,1,1,1.0
131,6,319.22,270.24,116.85999999999996,51.76999999999998,1,1,1.0
131,7,818.65,221.51,80.62,64.17000000000002,1,1,1.0
132,1,210.27,249.67,94.59,44.140000000000015,1,1,1.0
132,4,0.0,323.34,435.57,215.60000000000008,1,1,1.0
132,5,24.5,302.01,125.08000000000001,45.24000000000001,1,1,1.0
132,6,304.49,270.85,116.87,51.77999999999997,1,1,1.0
132,7,808.2,221.5,83.69999999999993,64.19999999999999,1,1,1.0
133,1,210.27,249.67,94.59,44.140000000000015,1,1,1.0
133,4,0.0,324.76,420.66,215.24,1,1,1.0
133,5,5.48,303.85,130.62,45.23999999999995,1,1,1.0
133,6,289.77,275.14,116.87,51.78000000000003,1,1,1.0
133,7,802.07,221.5,83.69999999999993,64.19999999999999,1,1,1.0
134,1,210.27,249.67,94.59,44.140000000000015,1,1,1.0
134,4,0.0,329.02,405.05,210.98000000000002,1,1,1.0
134,5,0.0,306.31,119.54,45.24000000000001,1,1,1.0
134,6,272.6,276.98,116.85999999999996,51.77999999999997,1,1,1.0
134,7,797.77,220.89,83.70000000000005,64.19999999999999,1,1,1.0
134,8,685.43,524.88,80.21000000000004,14.190000000000055,1,1,1.0
135,1,210.27,249.67,94.59,44.140000000000015,1,1,1.0
135,4,0.0,331.86,385.88,208.14,1,1,1.0
135,5,0.0,305.7,102.36,45.23000000000002,1,1,1.0
135,6,256.64,275.76,116.87,51.76999999999998,1,1,1.0
135,7,786.7,223.34,88.63999999999999,65.46000000000001,1,1,1.0
135,8,685.43,522.0,111.47000000000003,17.07000000000005,1,1,1.0
136,1,210.27,249.67,94.59,44.140000000000015,1,1,1.0
136,4,0.0,331.86,368.85,208.14,1,1,1.0
136,5,0.0,304.47,83.34,45.23999999999995,1,1,1.0
136,6,244.38,276.37,116.86000000000001,51.77999999999997,1,1,1.0
136,7,780.56,225.18,88.6400000000001,65.45999999999998,1,1,1.0
136,8,685.43,513.5,124.97000000000003,25.57000000000005,1,1,1.0
137,1,210.27,249.67,94.59,44.140000000000015,1,1,1.0
137,4,0.0,335.4,346.13,204.60000000000002,1,1,1.0
137,5,0.0,308.15,66.78,45.24000000000001,1,1,1.0
137,6,219.8,278.82,127.94999999999999,51.78000000000003,1,1,1.0
137,7,775.66,224.57,88.63,65.45999999999998,1,1,1.0
137,8,698.21,508.5,124.96999999999991,30.57000000000005,1,1,1.0
138,1,210.27,249.67,94.59,44.140000000000015,1,1,1.0
138,4,0.0,337.53,329.81,202.47000000000003,1,1,1.0
138,5,0.0,310.6,49.6,45.23999999999995,1,1,1.0
138,6,203.24,281.28,127.94,51.77000000000004,1,1,1.0
138,7,762.21,224.57,97.78999999999996,64.82999999999998,1,1,1.0
138,8,706.73,502.82,137.06999999999994,36.97999999999996,1,1,1.0
139,1,210.27,249.67,94.59,44.140000000000015,1,1,1.0
139,4,0.0,341.79,306.39,198.20999999999998,1,1,1.0
139,5,0.0,311.83,30.58,45.24000000000001,1,1,1.0
139,6,189.13,281.89,127.94,51.78000000000003,1,1,1.0
139,7,756.07,224.57,97.78999999999996,64.82999999999998,1,1,1.0
139,8,710.99,497.85,147.71000000000004,42.14999999999998,1,1,1.0
140,1,210.27,249.67,94.59,44.140000000000015,1,1,1.0
140,4,0.0,344.63,287.93,195.37,1,1,1.0
140,5,0.0,312.44,14.02,45.24000000000001,1,1,1.0
140,6,171.95,281.89,127.94,51.78000000000003,1,1,1.0
140,7,749.32,224.57,97.79999999999995,64.82999999999998,1,1,1.0
140,8,717.38,491.46,144.91999999999996,48.54000000000002,1,1,1.0
141,1,210.27,249.67,94.59,44.140000000000015,1,1,1.0
141,4,0.0,348.89,267.35,191.11,1,1,1.0
141,6,154.77,281.89,127.95000000000002,51.78000000000003,1,1,1.0
141,7,742.57,227.02,97.79999999999995,64.83000000000001,1,1,1.0
141,8,721.63,484.37,152.76999999999998,55.629999999999995,1,1,1.0
142,1,210.27,249.67,94.59,44.140000000000015,1,1,1.0
142,4,0.0,355.28,247.47,184.72000000000003,1,1,1.0
142,6,136.98,281.89,127.95000000000002,51.78000000000003,1,1,1.0
142,7,736.44,227.02,97.78999999999996,64.83000000000001,1,1,1.0
142,8,729.44,479.4,155.55999999999995,60.60000000000002,1,1,1.0
143,1,210.27,249.67,94.59,44.140000000000015,1,1,1.0
143,4,0.0,360.96,223.34,179.04000000000002,1,1,1.0
143,6,119.2,283.73,131.62,54.870000000000005,1,1,1.0
143,7,727.85,227.02,97.78999999999996,64.83000000000001,1,1,1.0
143,8,751.4,474.43,136.39999999999998,64.17000000000002,1,1,1.0
144,1,210.27,249.67,94.59,44.140000000000015,1,1,1.0
144,4,0.0,360.25,201.34,179.03999999999996,1,1,1.0
144,6,102.0,288.64,133.48,54.25999999999999,1,1,1.0
144,7,722.33,227.63,97.78999999999996,64.84000000000003,1,1,1.0
144,8,762.0,473.72,133.61,64.16999999999996,1,1,1.0
145,1,210.27,249.67,94.59,44.140000000000015,1,1,1.0
145,4,0.0,367.35,180.75,172.64999999999998,1,1,1.0
145,6,85.44,289.86,133.48,54.26999999999998,1,1,1.0
145,7,714.97,227.63,97.78999999999996,64.84000000000003,1,1,1.0
145,8,769.81,468.75,133.61,71.25,1,1,1.0
146,1,210.27,249.67,94.59,44.140000000000015,1,1,1.0
146,4,0.0,371.61,155.2,168.39,1,1,1.0
146,6,67.65,289.25,133.48,54.25999999999999,1,1,1.0
146,7,710.67,227.63,97.80000000000007,64.84000000000003,1,1,1.0
146,8,778.32,463.78,133.6099999999999,76.22000000000003,1,1,1.0
147,1,210.27,249.67,94.59,44.140000000000015,1,1,1.0
147,4,0.0,375.87,128.23,164.13,1,1,1.0
147,6,46.8,289.25,139.60000000000002,61.05000000000001,1,1,1.0
147,7,700.24,227.02,97.79999999999995,64.83000000000001,1,1,1.0
147,8,788.26,458.1,133.61,76.22000000000003,1,1,1.0
148,1,210.27,249.67,94.59,44.140000000000015,1,1,1.0
148,4,0.0,378.7,100.54,161.3,1,1,1.0
148,6,30.23,289.86,139.61,61.05000000000001,1,1,1.0
148,7,686.1,226.41,103.35000000000002,66.69000000000003,1,1,1.0
148,8,792.52,453.13,133.61,76.22000000000003,1,1,1.0
149,1,210.27,249.67,94.59,44.140000000000015,1,1,1.0
149,4,0.0,382.96,76.41,157.04000000000002,1,1,1.0
149,6,13.06,291.09,139.6,61.05000000000001,1,1,1.0
149,7,676.9,228.25,103.35000000000002,66.69,1,1,1.0
149,8,801.75,448.17,133.61,76.20999999999998,1,1,1.0
150,1,210.27,249.67,94.59,44.140000000000015,1,1,1.0
150,4,0.0,392.19,46.6,147.81,1,1,1.0
150,6,0.0,292.32,137.94,61.05000000000001,1,1,1.0
150,7,669.54,229.47,103.35000000000002,66.70000000000002,1,1,1.0
150,8,810.27,443.91,133.60000000000002,76.21999999999997,1,1,1.0
151,1,210.27,249.67,94.59,44.140000000000015,1,1,1.0
151,6,2.45,291.09,114.63,61.05000000000001,1,1,1.0
151,7,660.95,229.47,103.34999999999991,66.70000000000002,1,1,1.0
151,8,815.23,438.94,133.61,76.21999999999997,1,1,1.0
152,1,210.27,249.67,94.59,44.140000000000015,1,1,1.0
152,6,0.0,292.32,103.58,61.05000000000001,1,1,1.0
152,7,654.2,227.63,103.34999999999991,66.69999999999999,1,1,1.0
152,8,822.33,436.81,133.61,76.21999999999997,1,1,1.0
153,1,210.27,249.67,94.59,44.140000000000015,1,1,1.0
153,6,0.0,295.39,82.72,61.05000000000001,1,1,1.0
153,7,641.9,231.31,110.74000000000001,67.29000000000002,1,1,1.0
153,8,827.3,431.84,132.70000000000005,76.22000000000003,1,1,1.0
154,1,210.27,249.67,94.59,44.140000000000015,1,1,1.0
154,6,0.0,294.77,66.16,61.05000000000001,1,1,1.0
154,7,630.24,231.31,110.74000000000001,67.29000000000002,1,1,1.0
154,8,832.27,426.87,127.73000000000002,76.21999999999997,1,1,1.0
155,1,210.27,249.67,94.59,44.140000000000015,1,1,1.0
155,6,0.0,296.62,49.59,61.05000000000001,1,1,1.0
155,7,622.88,231.31,110.74000000000001,67.29000000000002,1,1,1.0
155,8,852.85,419.78,107.14999999999998,76.22000000000003,1,1,1.0
156,1,210.27,249.67,94.59,44.140000000000015,1,1,1.0
156,6,0.0,297.84,28.74,61.05000000000001,1,1,1.0
156,7,615.52,231.31,110.74000000000001,67.29000000000002,1,1,1.0
156,8,865.63,419.07,94.37,76.22000000000003,1,1,1.0
157,1,210.27,249.67,94.59,44.140000000000015,1,1,1.0
157,7,607.55,231.31,110.74000000000001,67.29000000000002,1,1,1.0
157,8,872.72,414.81,87.27999999999997,76.21999999999997,1,1,1.0
158,1,210.27,249.67,94.59,44.140000000000015,1,1,1.0
158,7,594.1,231.93,116.82999999999993,68.46999999999997,1,1,1.0
158,8,878.4,412.68,81.60000000000002,76.21999999999997,1,1,1.0
159,1,210.27,249.67,94.59,44.140000000000015,1,1,1.0
159,7,581.83,231.93,116.82999999999993,68.46999999999997,1,1,1.0
159,8,883.37,409.13,76.63,76.22000000000003,1,1,1.0
160,1,210.27,249.67,94.59,44.140000000000015,1,1,1.0
160,7,574.47,233.77,116.81999999999994,68.47,1,1,1.0
160,8,887.63,405.58,72.37,76.22000000000003,1,1,1.0
161,1,210.27,249.67,94.59,44.140000000000015,1,1,1.0
161,7,562.81,233.77,116.83000000000004,68.47,1,1,1.0
161,8,899.7,400.62,60.299999999999955,76.20999999999998,1,1,1.0
162,1,210.27,249.67,94.59,44.140000000000015,1,1,1.0
162,7,553.61,232.54,116.83000000000004,68.47,1,1,1.0
162,8,906.08,397.07,53.91999999999996,76.22000000000003,1,1,1.0
163,1,210.27,249.67,94.59,44.140000000000015,1,1,1.0
163,7,547.47,232.54,116.82999999999993,68.47,1,1,1.0
163,8,913.18,394.94,46.82000000000005,76.22000000000003,1,1,1.0
164,1,210.27,249.67,94.59,44.140000000000015,1,1,1.0
164,7,538.27,232.54,116.83000000000004,68.47,1,1,1.0
164,8,914.6,392.81,45.39999999999998,76.21999999999997,1,1,1.0
165,1,210.27,249.67,94.59,44.140000000000015,1,1,1.0
165,7,520.5,232.54,121.72000000000003,70.35999999999999,1,1,1.0
165,8,921.0,388.55,39.0,73.34999999999997,1,1,1.0
166,1,210.27,249.67,94.59,44.140000000000015,1,1,1.0
166,7,510.69,235.0,121.70999999999998,70.36000000000001,1,1,1.0
166,8,928.1,385.0,31.899999999999977,73.35000000000002,1,1,1.0
167,1,210.27,249.67,94.59,44.140000000000015,1,1,1.0
167,7,500.87,235.61,121.72000000000003,70.36000000000001,1,1,1.0
167,8,932.36,383.58,27.639999999999986,73.35000000000002,1,1,1.0
168,1,210.27,249.67,94.59,44.140000000000015,1,1,1.0
168,7,484.9,234.38,127.87,71.01999999999998,1,1,1.0
168,8,938.04,381.45,21.960000000000036,73.35000000000002,1,1,1.0
169,1,210.27,249.67,94.59,44.140000000000015,1,1,1.0
169,7,473.86,236.22,127.87,71.02000000000001,1,1,1.0
169,8,943.71,381.45,16.289999999999964,73.35000000000002,1,1,1.0
170,1,210.27,249.67,94.59,44.140000000000015,1,1,1.0
170,7,464.04,236.22,127.86999999999995,71.02000000000001,1,1,1.0
170,8,950.1,380.03,9.899999999999977,73.35000000000002,1,1,1.0
171,1,210.27,249.67,94.59,44.140000000000015,1,1,1.0
171,7,453.62,235.61,127.87,71.01999999999998,1,1,1.0
172,1,210.27,249.67,94.59,44.140000000000015,1,1,1.0
172,7,444.41,235.61,127.86999999999995,71.01999999999998,1,1,1.0
173,1,210.27,249.67,94.59,44.140000000000015,1,1,1.0
173,7,430.92,236.22,127.86999999999995,71.02000000000001,1,1,1.0
174,1,210.27,249.67,94.59,44.140000000000015,1,1,1.0
174,7,418.65,236.84,127.87,71.02000000000001,1,1,1.0
175,1,210.27,249.67,94.59,44.140000000000015,1,1,1.0
175,7,406.99,239.9,127.87,71.02000000000001,1,1,1.0
176,1,210.27,249.67,94.59,44.140000000000015,1,1,1.0
176,7,396.56,239.9,127.86999999999995,71.02000000000001,1,1,1.0
177,1,210.27,249.67,94.59,44.140000000000015,1,1,1.0
177,7,386.75,241.74,127.87,71.01999999999998,1,1,1.0
178,1,210.27,249.67,94.59,44.140000000000015,1,1,1.0
178,7,376.93,242.97,127.87,71.02000000000001,1,1,1.0
179,1,210.27,249.67,94.59,44.140000000000015,1,1,1.0
179,7,364.66,241.13,127.88,71.01999999999998,1,1,1.0
180,1,210.27,249.67,94.59,44.140000000000015,1,1,1.0
180,7,344.4,241.13,137.09000000000003,70.97000000000003,1,1,1.0
181,1,210.27,249.67,94.59,44.140000000000015,1,1,1.0
181,7,338.27,241.74,137.09000000000003,70.96999999999997,1,1,1.0
182,1,210.27,249.67,94.59,44.140000000000015,1,1,1.0
182,7,326.0,241.74,137.08999999999997,70.96999999999997,1,1,1.0
183,1,210.27,249.67,94.59,44.140000000000015,1,1,1.0
183,7,314.34,241.74,137.09000000000003,70.96999999999997,1,1,1.0
184,1,210.27,249.67,94.59,44.140000000000015,1,1,1.0
184,7,304.53,241.13,137.09000000000003,70.97000000000003,1,1,1.0
185,1,210.27,249.67,94.59,44.140000000000015,1,1,1.0
185,7,292.26,242.36,137.09000000000003,70.96999999999997,1,1,1.0
186,1,210.27,249.67,94.59,44.140000000000015,1,1,1.0
186,7,283.67,243.59,137.08999999999997,70.97,1,1,1.0
187,1,210.27,249.67,94.59,44.140000000000015,1,1,1.0
187,7,265.9,244.2,143.82000000000005,75.30000000000001,1,1,1.0
188,1,210.27,249.67,94.59,44.140000000000015,1,1,1.0
188,7,252.4,247.27,143.82000000000002,75.29999999999998,1,1,1.0
189,1,210.27,249.67,94.59,44.140000000000015,1,1,1.0
189,7,246.27,246.65,143.80999999999997,75.30999999999997,1,1,1.0
190,1,210.27,249.67,94.59,44.140000000000015,1,1,1.0
190,7,229.09,244.81,143.82000000000002,75.30000000000001,1,1,1.0
